5988
22685
11650
57820
48328
63894
47444
27416
50786
54348
6452
50313
21527
60499
50765
46507
40762
33179
51357
23600
6348
5969
26347
7344
41825
44872
29083
35923
19281
21499
2171
5024
490
55365
15865
20985
9281
64350
15921
63728
35254
34237
5708
52324
39473
8421
735
13076
30153
35961
25234
45225
36990
55057
22468
18670
43471
40181
34847
6611
43699
15041
46759
396
31244
55790
37794
23968
6521
16860
43171
29013
34598
11593
52549
52247
46868
21100
54873
48387
2953
24474
60480
1654
45776
30589
4447
17692
13674
35493
15963
59456
56312
41308
10790
57011
52617
23455
24369
54119
22062
48879
57537
47271
30791
48660
2620
36567
8778
42586
57894
36545
21431
62641
10738
52452
28673
45858
36585
54851
37554
55632
34175
56669
7688
47225
15247
41433
64026
64015
21996
1348
10115
26230
46557
5391
53972
36181
39595
29809
65232
35153
7648
24988
63528
49911
15593
55198
65309
39415
35974
29506
10118
52474
61472
5023
12108
61312
38139
41216
39917
5787
17843
52423
35351
33122
26929
62684
19553
33932
39089
64455
57457
37487
19772
56717
55875
17828
19946
63343
13471
52461
4210
26547
22881
44907
25594
2357
7561
20573
30325
28289
41249
56882
30222
55397
23333
61900
54665
36331
49948
21682
9055
46676
17952
30632
45810
727
39165
41823
17601
7171
11785
60038
53553
4045
6288
13276
30916
30728
2742
11357
63325
61233
16960
45388
22068
49588
7836
59395
46060
54789
2944
10862
1022
9391
18768
37648
32936
3243
39890
63149
3281
32426
53882
44133
63672
44356
36972
39850
1008
22207
26329
39412
17625
10632
49078
27866
63509
27822
55860
34976
32068
21570
8980
25409
49247
64527
595
31029
33756
19660
8894
46951
59037
22043
43086
13789
50323
21804
31896
7179
20860
33470
7907
17306
23865
19897
25678
5177
55399
12279
34193
919
26894
19307
18468
50112
39455
21702
8620
8298
36813
32812
56120
50473
17998
37684
32691
5000
33558
30427
41782
1212
35256
37673
16516
1940
51302
30431
19625
23586
29614
17944
36691
40011
2302
48477
30327
44734
64243
16842
15986
6429
9318
7313
31276
37575
48964
9918
29254
27605
28033
31694
62500
10165
50194
21734
37644
59598
52552
42261
29629
38558
10307
1992
63290
8861
426
51049
51473
56709
52725
20788
22946
22314
53800
5945
56053
62140
31896
20524
47021
57500
57133
132
52535
476
18144
28578
42304
53414
42035
28832
33864
32759
58724
28457
32055
23808
24631
55224
16612
6402
17897
30146
5759
3111
56084
42102
9047
1181
50860
30048
53037
41391
27060
9831
58224
9396
29736
46030
53300
41409
9806
62987
61266
27818
10041
25613
25997
58250
3330
15276
28818
29691
37003
55642
10216
4797
37011
28758
27767
50059
5554
876
32331
12399
17951
32425
20797
24850
58221
37284
44843
7135
31233
31567
51102
22618
49122
20791
20967
60424
56135
34625
36128
34369
63191
6283
29365
27383
61027
53314
28889
46503
12601
55380
9311
21591
41737
3627
18860
13005
10360
14633
35943
4267
15450
19951
57901
21953
60797
33436
44914
34572
46542
21875
25526
10462
59986
26384
25870
18322
62080
28065
48984
15489
56498
46543
58163
49303
20434
59993
61611
60785
50974
58157
17165
27017
42877
23069
48050
57249
15667
52390
14841
52741
26773
57754
46166
13132
32600
7503
712
11347
12814
59769
62238
1676
37120
15627
7322
60062
17599
61202
55357
10738
54289
50000
5624
32370
13831
64219
41743
35514
47937
64630
5120
33354
34680
63952
29076
47523
54370
12001
9917
40278
11073
63763
28833
8590
49916
62317
50444
37299
34863
3460
41657
62811
49829
8961
64407
15804
17279
33569
43211
39095
61440
37159
62424
40242
61918
51796
25940
19408
58962
2574
31014
57185
54345
31642
10140
11797
14083
53333
2878
30592
61626
46100
18943
16514
57244
9602
57030
42224
10682
65527
54162
60451
10740
15885
58816
20771
29534
488
47748
46528
20923
24657
39671
18743
59198
2239
55815
13285
57729
54237
54461
51625
17507
53053
35765
4282
63726
46314
21669
2719
23371
45982
6571
56665
38098
46587
8956
64419
368
53045
60369
49303
33070
22493
1590
42472
27398
30811
26646
38766
54390
9887
36746
48222
13503
58223
64129
61830
45719
6182
18295
47405
64229
51633
40817
28795
40329
16256
32238
34925
5649
14128
38759
29922
51331
42522
9047
10276
63807
58129
41261
45117
47621
17011
55472
54761
47134
49143
13378
10057
2140
45563
5753
23210
28623
50244
47825
27739
9041
37423
58162
50561
42864
17525
47014
24006
60704
4907
5015
28302
16686
39920
6622
32875
23547
42037
30689
27460
16312
19167
48457
8951
31897
26888
43708
46497
30532
8710
15297
53879
62894
31964
28598
10295
15510
36784
49377
19766
39752
58988
45138
6412
18340
41746
34530
3346
47193
34435
12303
52649
19155
58827
151
46795
29704
14538
257
15080
13029
48488
31163
14308
8067
54497
39894
33616
40722
41212
9234
8480
18529
48121
16226
28443
58345
4419
7442
55232
8929
9601
58629
43302
55025
60388
62738
35830
16015
27547
43151
58486
46110
25786
42551
32577
32531
11869
64373
11786
43426
43589
46747
2468
576
17196
23670
38686
63913
64674
30307
63717
62365
2973
38405
5162
11511
51378
59330
22866
19716
64949
46866
58673
33938
11086
58404
29614
11024
56699
4886
7213
46047
6824
32506
53314
43890
26145
38763
57012
61402
22077
31710
23369
17002
59212
44379
53278
35674
10242
60171
23316
5118
43318
45426
43460
43910
62364
42083
50358
9381
49325
49657
26404
6882
35546
26246
40976
9351
23095
18346
37896
58535
16572
54427
39034
12162
27089
9471
15091
11589
48839
27365
35708
7064
6944
59821
43630
45128
45666
51011
58185
54910
21494
49457
51210
26356
33413
20520
52968
57947
6546
5245
61474
7772
24574
22972
63043
14597
44797
40
29106
11975
11516
26137
7307
48193
53594
53682
36309
6555
60102
757
16296
57554
36133
47042
33470
36404
38574
5142
10140
29025
50590
45678
37435
14671
41400
3938
1305
7558
44526
39403
9235
52729
30856
52344
45745
2179
8628
49978
7384
59937
58234
3853
26713
45680
282
25527
16884
54337
24853
57483
13607
26091
29330
21918
3084
37577
65312
8880
24465
52113
13015
18642
39180
35117
41242
33303
57475
25549
59882
48291
34658
39365
5339
5367
35355
28359
53770
22593
25671
50919
53396
